EK 7 336
11
28
12
11
28
13
11
28
14
22
74
26
3
24
0
16
35
26
3
24
1
16
45
26
3
24
2
16
53
26
3
24
3
16
61
24
0
29
0
24
0
24
0
16
71
22
188
24
0
24
0
16
71
22
139
24
0
24
0
16
71
24
3
29
0
24
0
24
0
16
71
22
266
-1
25
12
24
0
17
82
16
92
24
2
29
3
24
0
24
0
16
138
25
13
24
0
17
100
16
110
24
1
29
3
24
0
24
0
16
138
25
14
24
0
17
118
16
128
24
0
29
3
24
0
24
0
16
138
24
3
29
3
24
0
24
0
16
138
23
22
203
25
15
24
0
18
151
20
177
16
165
22
227
22
245
24
2
29
0
24
0
24
0
16
187
22
227
24
1
29
0
24
0
24
0
16
187
24
0
29
0
24
0
24
0
16
187
23
25
14
24
-1
6
25
13
5
29
1
24
1
29
0
23
25
13
25
13
6
28
15
25
12
25
14
6
24
4
6
24
-1
6
25
15
3
28
15
23
25
13
24
-1
6
25
15
7
3
24
2
25
12
6
5
29
1
23
25
13
24
-1
6
25
15
7
24
-1
6
3
24
2
25
12
6
5
29
2
23
26
0
24
0
16
290
26
0
24
1
16
299
26
0
24
2
16
311
26
0
24
3
16
326
26
0
10
24
0
24
0
16
335
26
0
10
26
1
10
24
0
24
0
16
335
26
0
10
26
1
10
26
2
10
24
0
24
0
16
335
26
0
10
24
0
24
0
16
335
23
